2,5
2,4
47,1
47,0
46,8
46,7
46,6
46,5
46,4
46,3
46,2
46,1
46,0
45,5
45,4
45,3
45,2
45,1
45,0
40,4
40,3
40,2
40,1
40,0
25,108
25,107
25,106
25,105
25,104
25,103
25,102
25,101
25,100
25,99
25,98
25,97
25,96
25,95
25,94
25,93
25,92
25,91
25,90
25,89
25,88
25,87
25,86
25,85
25,84
25,83
25,82
25,81
25,80
25,79
25,78
25,77
25,76
25,75
25,74
25,73
25,72
25,71
25,70
25,69
25,68
25,67
25,66
25,65
25,64
25,35
25,34
25,33
25,32
25,31
25,30
25,29
25,28
25,27
25,26
25,25
25,24
25,23
25,22
25,21
25,20
25,19
25,18
25,17
25,16
25,15
25,14
25,13
25,12
25,11
25,10
25,9
25,8
25,7
25,6
25,5
25,4
25,3
25,2
25,1
25,0
4,3
2,3
2,2
2,1
2,0
1,3
0,417
0,324
0,243
0,9
0,0
0,1
0,427
0,300
0,426
0,299
0,425
0,298
0,440
0,297
0,424
0,296
0,423
0,295
0,422
0,294
0,439
0,293
0,421
0,292
0,420
0,291
0,419
0,290
0,438
0,289
0,418
0,288
0,416
0,287
0,415
0,286
0,285
0,412
0,284
0,411
0,283
0,410
0,282
0,281
0,409
0,280
0,408
0,279
0,407
0,278
0,437
0,277
0,406
0,276
0,405
0,275
0,404
0,274
0,436
0,273
0,403
0,272
0,402
0,271
47,2
47,3
48,1
48,2
48,4
48,5
48,7
48,9
48,10
48,12
48,13
48,15
48,17
48,18
48,20
48,21
48,23
48,24
48,26
48,28
48,29
49,0
49,1
49,3
49,5
49,6
49,8
50,0
50,2
50,3
51,0
51,2
51,3
51,5
52,0
52,2
52,4
52,5
52,7
52,8
52,10
52,11
52,13
52,15
52,16
52,18
52,19
52,21
52,23
52,24
52,26
52,27
52,29
52,31
52,32
52,34
52,35
52,37
52,64
52,66
52,68
52,69
52,71
52,72
52,74
52,76
52,77
52,79
52,80
52,82
52,83
52,85
52,87
52,88
52,90
52,91
52,93
52,95
53,0
53,2
53,3
53,5
53,6
53,8
53,10
53,11
53,13
53,14
53,16
53,18
53,19
53,21
53,22
53,24
53,26
53,27
53,29
53,30
53,32
53,33
53,35
53,37
53,38
53,40
53,41
53,43
53,45
53,46
53,48
53,49
53,51
53,52
53,54
53,56
53,57
53,59
53,60
53,62
53,64
53,65
53,67
53,127
53,129
53,130
54,0
54,2
54,3
54,5
54,6
54,8
54,10
54,11
54,13
54,14
54,16
54,17
55,1
55,3
55,4
56,1
56,2
56,4
57,1
57,2
57,4
57,5
58,1
58,3
58,4
59,0
59,1
59,3
59,4
60,0
60,2
60,3
60,5
61,0
61,2
61,4
61,5
62,0
62,1
62,3
62,2
61,6
61,3
61,1
60,4
60,1
59,5
59,2
58,5
58,2
58,0
57,3
57,0
56,3
56,0
55,2
55,0
54,15
54,12
54,9
54,7
54,4
54,1
53,131
53,128
53,66
53,63
53,61
53,58
53,55
53,53
53,50
53,47
53,44
53,42
53,39
53,36
53,34
53,31
53,28
53,25
53,23
53,20
53,17
53,15
53,12
53,9
53,7
53,4
53,1
52,94
52,92
52,89
52,86
52,84
52,81
52,78
52,75
52,73
52,70
52,67
52,65
52,36
52,33
52,30
52,28
52,25
52,22
52,20
52,17
52,14
52,12
52,9
52,6
52,3
52,1
51,4
51,1
50,4
50,1
49,7
49,4
49,2
48,30
48,27
48,25
48,22
48,19
48,16
48,14
48,11
48,8
48,6
48,3
48,0
0,401
0,270
0,435
0,269
0,400
0,268
0,399
0,267
0,398
0,266
0,434
0,265
0,397
0,264
0,396
0,263
0,395
0,262
0,433
0,261
0,394
0,260
0,393
0,259
0,392
0,258
0,432
0,257
0,391
0,256
0,390
0,255
0,389
0,254
0,253
0,388
0,252
0,387
0,251
0,386
0,250
0,249
0,385
0,248
0,384
0,247
0,383
0,246
0,430
0,245
0,382
0,244
0,381
0,242
0,380
0,241
0,429
0,240
0,379
0,239
0,378
0,238
0,377
0,237
0,376
0,236
0,375
0,235
0,374
0,234
0,373
0,233
0,372
0,232
0,371
0,231
0,370
0,230
0,369
0,229
0,368
0,228
0,367
0,227
0,366
0,226
0,365
0,225
0,364
0,224
0,363
0,223
0,362
0,222
0,361
0,221
0,360
0,220
0,359
0,219
0,358
0,218
0,357
0,217
0,356
0,216
0,355
0,215
0,354
0,214
0,353
0,213
0,352
0,212
0,351
0,211
0,350
0,210
0,349
0,209
0,348
0,208
0,347
0,207
0,341
0,206
0,428
0,205
0,339
0,204
0,338
0,203
0,337
0,202
0,336
0,201
0,335
0,200
0,334
0,199
0,333
0,198
0,332
0,197
0,331
0,196
0,330
0,195
0,329
0,194
0,328
0,193
0,327
0,192
0,326
0,63
0,325
0,62
0,323
0,61
0,322
0,60
0,321
0,59
0,320
0,58
0,319
0,57
0,318
0,56
0,317
0,55
0,316
0,54
0,315
0,53
0,314
0,52
0,313
0,51
0,312
0,50
0,311
0,49
0,310
0,48
0,309
0,47
0,308
0,46
0,307
0,45
0,301
0,6
0,5
0,304
0,303
0,306
0,305
0,302
0,12
0,10
0,8
0,11
0,4
0,2
0,3
0,7
